0 16
1 16
2 158
3 42
4 16
5 16
6 16
7 16
8 16
9 16
10 16
11 16
12 17
13 17
14 16
15 16
16 182
17 16
18 16
19 16
20 16
21 16
22 16
23 16
24 16
25 16
26 17
27 17
28 16
29 16
30 178
31 16
32 16
33 16
34 16
35 16
36 16
37 16
38 16
39 16
40 17
41 17
42 16
43 16
44 190
45 16
46 16
47 16
48 16
49 16
50 16
51 16
52 16
53 16
54 17
55 17
56 16
57 16
58 166
59 16
60 16
61 16
62 16
63 16
64 16
65 16
66 16
67 16
68 17
69 17
70 16
71 16
72 180
73 16
74 16
75 16
76 16
77 16
78 16
79 16
80 16
81 16
82 17
83 17
84 16
85 16
86 166
87 16
88 16
89 16
90 16
91 16
92 16
93 16
94 16
95 16
96 17
97 17
98 16
99 16
100 172
101 16
102 16
103 16
104 16
105 16
106 16
107 16
108 16
109 16
110 17
111 17
112 16
113 16
114 162
115 16
116 16
117 16
118 16
119 16
120 16
121 16
122 16
123 16
124 17
125 17
126 16
127 16
128 164
129 16
130 16
131 16
132 16
133 16
134 16
135 16
136 16
137 16
138 17
139 17
140 16
