62 0 0 0 0 0 0 0 0
4f 0 0 0 0 0 0 0 14
32 0 0 0 0 0 0 0 28
a2 0 0 0 0 0 0 0 42
cc 0 0 0 0 0 0 0 56
6c 0 0 0 0 0 0 0 70
e3 0 0 0 0 0 0 0 84
6d 0 0 0 0 0 0 0 98
31 0 0 0 0 0 0 0 112
05 0 0 0 0 0 0 0 126
06 0 0 0 0 0 0 0 140
b9 0 0 0 0 0 0 0 154
a0 0 0 0 0 0 0 0 168
aa 0 0 0 0 0 0 0 182
38 0 0 0 0 0 0 0 196
a7 0 0 0 0 0 0 0 210
e8 0 0 0 0 0 0 0 224
fb 0 0 0 0 0 0 0 238
8a 0 0 0 0 0 0 0 252
4e 0 0 0 0 0 0 0 266
5c 0 0 0 0 0 0 0 280
69 0 0 0 0 0 0 0 294
c3 0 0 0 0 0 0 0 308
4c 0 0 0 0 0 0 0 322
f4 0 0 0 0 0 0 0 336
99 0 0 0 0 0 0 0 350
57 0 0 0 0 0 0 0 364
b0 0 0 0 0 0 0 0 378
d0 0 0 0 0 0 0 0 392
24 0 0 0 0 0 0 0 406
41 0 0 0 0 0 0 0 420
61 0 0 0 0 0 0 0 434
49 0 0 0 0 0 0 0 448
5b 0 0 0 0 0 0 0 462
c8 0 0 0 0 0 0 0 476
77 0 0 0 0 0 0 0 490
39 0 0 0 0 0 0 0 504
20 0 0 0 0 0 0 0 518
be 0 0 0 0 0 0 0 532
ae 0 0 0 0 0 0 0 546
fc 0 0 0 0 0 0 0 560
80 0 0 0 0 0 0 0 574
33 0 0 0 0 0 0 0 588
5f 0 0 0 0 0 0 0 602
cd 0 0 0 0 0 0 0 616
8e 0 0 0 0 0 0 0 630
2f 0 0 0 0 0 0 0 644
d5 0 0 0 0 0 0 0 658
6f 0 0 0 0 0 0 0 672
98 0 0 0 0 0 0 0 686
c5 0 0 0 0 0 0 0 700
21 0 0 0 0 0 0 0 714
d9 0 0 0 0 0 0 0 728
f7 0 0 0 0 0 0 0 742
35 0 0 0 0 0 0 0 756
5b 0 0 0 0 0 0 0 770
38 0 0 0 0 0 0 0 784
a1 0 0 0 0 0 0 0 798
a8 0 0 0 0 0 0 0 812
e1 0 0 0 0 0 0 0 826
a7 0 0 0 0 0 0 0 840
9f 0 0 0 0 0 0 0 854
a8 0 0 0 0 0 0 0 868
6d 0 0 0 0 0 0 0 882
39 0 0 0 0 0 0 0 896
f7 0 0 0 0 0 0 0 910
32 0 0 0 0 0 0 0 924
fa 0 0 0 0 0 0 0 938
f7 0 0 0 0 0 0 0 952
13 0 0 0 0 0 0 0 966
fe 0 0 0 0 0 0 0 980
a0 0 0 0 0 0 0 0 994
cc 0 0 0 0 0 0 0 1008
7f 0 0 0 0 0 0 0 1022
fd 0 0 0 0 0 0 0 1036
57 0 0 0 0 0 0 0 1050
d7 0 0 0 0 0 0 0 1064
93 0 0 0 0 0 0 0 1078
6f 0 0 0 0 0 0 0 1092
86 0 0 0 0 0 0 0 1106
f3 0 0 0 0 0 0 0 1120
07 0 0 0 0 0 0 0 1134
45 0 0 0 0 0 0 0 1148
66 0 0 0 0 0 0 0 1162
10 0 0 0 0 0 0 0 1176
49 0 0 0 0 0 0 0 1190
5d 0 0 0 0 0 0 0 1204
00 0 0 0 0 0 0 0 1218
35 0 0 0 0 0 0 0 1232
e3 0 0 0 0 0 0 0 1246
12 0 0 0 0 0 0 0 1260
c0 0 0 0 0 0 0 0 1274
19 0 0 0 0 0 0 0 1288
ea 0 0 0 0 0 0 0 1302
a1 0 0 0 0 0 0 0 1316
ef 0 0 0 0 0 0 0 1330
c1 0 0 0 0 0 0 0 1344
1b 0 0 0 0 0 0 0 1358
15 0 0 0 0 0 0 0 1372
8a 0 0 0 0 0 0 0 1386
